depth 8.0
   0.00   1.40   1.40  180.0
   0.63   1.41   1.33  175.1
   1.19   1.42   1.27  170.9
   1.47   1.43   1.24  168.7
   1.75   1.44   1.21  166.6
   2.04   1.45   1.19  164.5
   2.26   1.46   1.17  162.9
   2.48   1.47   1.15  161.3
   2.63   1.48   1.14  160.2
   2.70   1.48   1.13  159.7
   2.78   1.49   1.13  159.2
   2.85   1.49   1.12  158.7
   2.93   1.50   1.12  158.2
   3.00   1.50   1.11  157.6
   3.08   1.50   1.11  157.1
   3.15   1.51   1.10  156.6
   3.23   1.51   1.10  156.1
   3.31   1.52   1.09  155.6
   3.38   1.52   1.09  155.1
   3.46   1.53   1.08  154.5
   3.54   1.54   1.08  154.0
   3.62   1.54   1.07  153.5
   3.69   1.55   1.07  153.0
   3.77   1.55   1.07  152.5
   3.85   1.56   1.06  152.0
   3.93   1.56   1.06  151.5
   4.01   1.57   1.05  151.0
   4.09   1.58   1.05  150.5
   4.17   1.58   1.05  150.0
   4.25   1.59   1.04  149.5
   4.33   1.60   1.04  149.0
   4.42   1.60   1.03  148.5
   4.50   1.61   1.03  148.0
   4.58   1.62   1.03  147.5
   4.67   1.62   1.02  147.0
   4.75   1.63   1.02  146.5
   4.83   1.64   1.02  146.0
   4.92   1.65   1.01  145.5
   5.00   1.66   1.01  145.0
   5.09   1.66   1.01  144.5
   5.18   1.67   1.00  144.0
   5.26   1.68   1.00  143.5
   5.35   1.69   1.00  143.0
   5.44   1.70   1.00  142.6
   5.53   1.71   0.99  142.1
   5.62   1.71   0.99  141.6
   5.71   1.72   0.99  141.1
   5.80   1.73   0.99  140.6
   5.89   1.74   0.98  140.2
   5.98   1.75   0.98  139.7
   6.07   1.76   0.98  139.2
   6.17   1.77   0.98  138.7
   6.26   1.78   0.97  138.3
   6.35   1.79   0.97  137.8
   6.45   1.80   0.97  137.3
   6.54   1.81   0.97  136.9
   6.64   1.82   0.97  136.4
   6.74   1.83   0.96  135.9
   6.84   1.84   0.96  135.5
   6.93   1.86   0.96  135.0
   7.03   1.87   0.96  134.5
   7.13   1.88   0.96  134.1
   7.23   1.89   0.96  133.6
   7.34   1.90   0.96  133.2
   7.44   1.91   0.96  132.7
   7.54   1.93   0.95  132.3
   7.65   1.94   0.95  131.8
   7.75   1.95   0.95  131.4
   7.86   1.97   0.95  130.9
   7.97   1.98   0.95  130.5
   8.07   1.99   0.95  130.0
   8.18   2.01   0.95  129.6
   8.29   2.02   0.95  129.2
   8.40   2.03   0.95  128.7
   8.51   2.05   0.95  128.3
   8.63   2.06   0.95  127.8
   8.74   2.08   0.95  127.4
   8.86   2.09   0.95  127.0
   8.97   2.11   0.95  126.5
   9.09   2.12   0.95  126.1
   9.21   2.14   0.95  125.7
   9.33   2.15   0.95  125.3
   9.45   2.17   0.95  124.8
   9.57   2.18   0.95  124.4
   9.69   2.20   0.95  124.0
   9.81   2.22   0.95  123.6
   9.94   2.23   0.95  123.2
  10.06   2.25   0.95  122.7
  10.19   2.27   0.95  122.3
  10.32   2.29   0.95  121.9
  10.45   2.30   0.95  121.5
  10.58   2.32   0.96  121.1
  10.71   2.34   0.96  120.7
  10.85   2.36   0.96  120.3
  10.98   2.38   0.96  119.9
  11.12   2.40   0.96  119.5
  11.26   2.42   0.96  119.1
  11.40   2.44   0.96  118.7
  11.54   2.46   0.97  118.3
  11.68   2.48   0.97  117.9
  11.83   2.50   0.97  117.5
  11.97   2.52   0.97  117.1
  12.12   2.54   0.97  116.7
  12.27   2.56   0.98  116.3
  12.42   2.58   0.98  115.9
  12.57   2.60   0.98  115.5
  12.73   2.63   0.98  115.1
  12.88   2.65   0.99  114.8
  13.04   2.67   0.99  114.4
  13.20   2.70   0.99  114.0
  13.36   2.72   1.00  113.6
  13.52   2.74   1.00  113.2
  13.69   2.77   1.00  112.9
  13.86   2.79   1.01  112.5
  14.03   2.82   1.01  112.1
  14.20   2.84   1.01  111.8
  14.37   2.87   1.02  111.4
  14.55   2.90   1.02  111.0
  14.73   2.92   1.02  110.7
  14.91   2.95   1.03  110.3
  15.09   2.98   1.03  109.9
  15.27   3.01   1.04  109.6
  15.46   3.04   1.04  109.2
  15.65   3.06   1.05  108.8
  15.85   3.09   1.05  108.5
  16.04   3.12   1.05  108.1
  16.24   3.15   1.06  107.8
  16.44   3.19   1.06  107.4
  16.65   3.22   1.07  107.1
  16.85   3.25   1.07  106.7
  17.06   3.28   1.08  106.4
  17.28   3.31   1.09  106.0
  17.49   3.35   1.09  105.7
  17.71   3.38   1.10  105.4
  17.94   3.42   1.10  105.0
  18.16   3.45   1.11  104.7
  18.39   3.49   1.12  104.3
  18.63   3.52   1.12  104.0
  18.87   3.56   1.13  103.7
  19.11   3.60   1.13  103.3
  19.35   3.64   1.14  103.0
  19.60   3.68   1.15  102.7
  19.86   3.72   1.16  102.4
  20.12   3.76   1.16  102.0
  20.38   3.80   1.17  101.7
  20.65   3.84   1.18  101.4
  20.92   3.89   1.19  101.1
  21.20   3.93   1.20  100.7
  21.49   3.98   1.20  100.4
  21.77   4.02   1.21  100.1
  22.07   4.07   1.22   99.8
  22.37   4.12   1.23   99.5
  22.67   4.16   1.24   99.2
  22.99   4.21   1.25   98.8
  23.31   4.26   1.26   98.5
  23.63   4.32   1.27   98.2
  23.96   4.37   1.28   97.9
  24.30   4.42   1.29   97.6
  24.65   4.48   1.30   97.3
  25.00   4.54   1.31   97.0
  25.36   4.59   1.32   96.7
  25.73   4.65   1.33   96.4
  26.10   4.71   1.35   96.1
  26.49   4.77   1.36   95.8
  26.88   4.84   1.37   95.5
  27.28   4.90   1.38   95.2
  27.69   4.97   1.40   94.9
  28.11   5.03   1.41   94.6
  28.54   5.10   1.42   94.3
  28.97   5.17   1.44   94.0
  29.42   5.25   1.45   93.8
  29.87   5.32   1.46   93.5
  32.30   5.71   1.54   92.1
  34.97   6.14   1.63   90.7
  37.89   6.61   1.72   89.3
  41.03   7.12   1.82   88.0
  44.38   7.66   1.93   86.7
  47.90   8.22   2.04   85.5
  51.55   8.81   2.16   84.2
  55.31   9.41   2.28   83.0
  59.15  10.03   2.40   81.9
  63.04  10.65   2.51   80.7
  82.14  13.68   3.08   79.6
 113.82  18.70   4.01   78.5
 134.77  22.00   4.62   77.5
 152.78  24.83   5.12   76.4
 300.00  43.66   5.12   76.4
 700.00  93.10   5.12   76.4
 1500.00 191.66  5.12   76.4
